
Produto0
1
100
50.0
Produto1
2
100
50.0
Produto2
3
100
50.0
Produto3
4
100
50.0
Produto4
5
100
50.0
Produto5
6
100
50.0
Produto6
7
100
50.0
Produto7
8
100
50.0
Produto8
9
100
50.0
Produto9
10
100
50.0
Produto10
11
100
50.0
Produto11
12
100
50.0
Produto12
13
100
50.0
Produto13
14
100
50.0
Produto14
15
100
50.0
Produto15
16
100
50.0
Produto16
17
100
50.0
Produto17
18
100
50.0
Produto18
19
100
50.0
Produto19
20
100
50.0
Produto20
21
100
50.0
Produto21
22
100
50.0
Produto22
23
100
50.0
Produto23
24
100
50.0
Produto24
25
100
50.0
Produto25
26
100
50.0
Produto26
27
100
50.0
Produto27
28
100
50.0
Produto28
29
100
50.0
Produto29
30
100
50.0
Produto30
31
100
50.0
Produto31
32
100
50.0
Produto32
33
100
50.0
Produto33
34
100
50.0
Produto34
35
100
50.0
Produto35
36
100
50.0
Produto36
37
100
50.0
Produto37
38
100
50.0
Produto38
39
100
50.0
Produto39
40
100
50.0
Produto40
41
100
50.0
Produto41
42
100
50.0
Produto42
43
100
50.0
Produto43
44
100
50.0
Produto44
45
100
50.0
Produto45
46
100
50.0
Produto46
47
100
50.0
Produto47
48
100
50.0
Produto48
49
100
50.0
Produto49
50
100
50.0
Produto50
51
100
50.0
Produto51
52
100
50.0
Produto52
53
100
50.0
Produto53
54
100
50.0
Produto54
55
100
50.0
Produto55
56
100
50.0
Produto56
57
100
50.0
Produto57
58
100
50.0
Produto58
59
100
50.0
Produto59
60
100
50.0
Produto60
61
100
50.0
Produto61
62
100
50.0
Produto62
63
100
50.0
Produto63
64
100
50.0
Produto64
65
100
50.0
Produto65
66
100
50.0
Produto66
67
100
50.0
Produto67
68
100
50.0
Produto68
69
100
50.0
Produto69
70
100
50.0
Produto70
71
100
50.0
Produto71
72
100
50.0
Produto72
73
100
50.0
Produto73
74
100
50.0
Produto74
75
100
50.0
Produto75
76
100
50.0
Produto76
77
100
50.0
Produto77
78
100
50.0
Produto78
79
100
50.0
Produto79
80
100
50.0
Produto80
81
100
50.0
Produto81
82
100
50.0
Produto82
83
100
50.0
Produto83
84
100
50.0
Produto84
85
100
50.0
Produto85
86
100
50.0
Produto86
87
100
50.0
Produto87
88
100
50.0
Produto88
89
100
50.0
Produto89
90
100
50.0
Produto90
91
100
50.0
Produto91
92
100
50.0
Produto92
93
100
50.0
Produto93
94
100
50.0
Produto94
95
100
50.0
Produto95
96
100
50.0
Produto96
97
100
50.0
Produto97
98
100
50.0
Produto98
99
100
50.0
Produto99
100
100
50.0
Produto100
101
100
50.0
Produto101
102
100
50.0
Produto102
103
100
50.0
Produto103
104
100
50.0
Produto104
105
100
50.0
Produto105
106
100
50.0
Produto106
107
100
50.0
Produto107
108
100
50.0
Produto108
109
100
50.0
Produto109
110
100
50.0
Produto110
111
100
50.0
Produto111
112
100
50.0
Produto112
113
100
50.0
Produto113
114
100
50.0
Produto114
115
100
50.0
Produto115
116
100
50.0
Produto116
117
100
50.0
Produto117
118
100
50.0
Produto118
119
100
50.0
Produto119
120
100
50.0
Produto120
121
100
50.0
Produto121
122
100
50.0
Produto122
123
100
50.0
Produto123
124
100
50.0
Produto124
125
100
50.0
Produto125
126
100
50.0
Produto126
127
100
50.0
Produto127
128
100
50.0
Produto128
129
100
50.0
Produto129
130
100
50.0
Produto130
131
100
50.0
Produto131
132
100
50.0
Produto132
133
100
50.0
Produto133
134
100
50.0
Produto134
135
100
50.0
Produto135
136
100
50.0
Produto136
137
100
50.0
Produto137
138
100
50.0
Produto138
139
100
50.0
Produto139
140
100
50.0
Produto140
141
100
50.0
Produto141
142
100
50.0
Produto142
143
100
50.0
Produto143
144
100
50.0
Produto144
145
100
50.0
Produto145
146
100
50.0
Produto146
147
100
50.0
Produto147
148
100
50.0
Produto148
149
100
50.0
Produto149
150
100
50.0
Produto150
151
100
50.0
Produto151
152
100
50.0
Produto152
153
100
50.0
Produto153
154
100
50.0
Produto154
155
100
50.0
Produto155
156
100
50.0
Produto156
157
100
50.0
Produto157
158
100
50.0
Produto158
159
100
50.0
Produto159
160
100
50.0
Produto160
161
100
50.0
Produto161
162
100
50.0
Produto162
163
100
50.0
Produto163
164
100
50.0
Produto164
165
100
50.0
Produto165
166
100
50.0
Produto166
167
100
50.0
Produto167
168
100
50.0
Produto168
169
100
50.0
Produto169
170
100
50.0
Produto170
171
100
50.0
Produto171
172
100
50.0
Produto172
173
100
50.0
Produto173
174
100
50.0
Produto174
175
100
50.0
Produto175
176
100
50.0
Produto176
177
100
50.0
Produto177
178
100
50.0
Produto178
179
100
50.0
Produto179
180
100
50.0
Produto180
181
100
50.0
Produto181
182
100
50.0
Produto182
183
100
50.0
Produto183
184
100
50.0
Produto184
185
100
50.0
Produto185
186
100
50.0
Produto186
187
100
50.0
Produto187
188
100
50.0
Produto188
189
100
50.0
Produto189
190
100
50.0
Produto190
191
100
50.0
Produto191
192
100
50.0
Produto192
193
100
50.0
Produto193
194
100
50.0
Produto194
195
100
50.0
Produto195
196
100
50.0
Produto196
197
100
50.0
Produto197
198
100
50.0
Produto198
199
100
50.0
Produto199
200
100
50.0
