30,000000
Produto0
0
0
0,000000
Produto1
1
11
1,000000
Produto2
2
-12
2,000000
Produto3
3
3
3,000000
Produto4
4
4
4,000000
Produto5
5
5
5,000000
Produto6
6
6
6,000000
6.000000
6
6
6,000000
0
0
0,000000
0
0
0,000000
0
0
0,000000
0
0
0,000000
0
0
0,000000
0
0
0,000000
0
0
0,000000
0
0
0,000000
0
0
0,000000
0
0
0,000000
0
0
0,000000
0
0
0,000000
0
0
0,000000
0
0
0,000000
0
0
0,000000
0
0
0,000000
0
0
0,000000
0
0
0,000000
0
0
0,000000
0
0
0,000000
0
0
0,000000
0
0
0,000000
0
0
0,000000
0
0
0,000000
0
0
0,000000
0
0
0,000000
0
0
0,000000
0
0
0,000000
0
0
0,000000
0
0
0,000000
0
0
0,000000
0
0
0,000000
0
0
0,000000
0
0
0,000000
0
0
0,000000
0
0
0,000000
0
0
0,000000
0
0
0,000000
0
0
0,000000
0
0
0,000000
0
0
0,000000
0
0
0,000000
0
0
0,000000
0
0
0,000000
0
0
0,000000
0
0
0,000000
0
0
0,000000
0
0
0,000000
0
0
0,000000
0
0
0,000000
0
0
0,000000
0
0
0,000000
0
0
0,000000
0
0
0,000000
0
0
0,000000
0
0
0,000000
0
0
0,000000
0
0
0,000000
0
0
0,000000
0
0
0,000000
0
0
0,000000
0
0
0,000000
0
0
0,000000
0
0
0,000000
0
0
0,000000
0
0
0,000000
0
0
0,000000
0
0
0,000000
0
0
0,000000
0
0
0,000000
0
0
0,000000
0
0
0,000000
0
0
0,000000
0
0
0,000000
0
0
0,000000
0
0
0,000000
0
0
0,000000
0
0
0,000000
0
0
0,000000
0
0
0,000000
0
0
0,000000
0
0
0,000000
0
0
0,000000
0
0
0,000000
0
0
0,000000
0
0
0,000000
0
0
0,000000
0
0
0,000000
0
0
0,000000
0
0
0,000000
0
0
0,000000
0
0
0,000000
0
0
0,000000
0
0
0,000000
0
0
0,000000
0
0
0,000000
0
0
0,000000
0
0
0,000000
0
0
0,000000
0
0
0,000000
0
0
0,000000
0
0
0,000000
0
0
0,000000
0
0
0,000000
0
0
0,000000
0
0
0,000000
0
0
0,000000
0
0
0,000000
0
0
0,000000
0
0
0,000000
0
0
0,000000
0
0
0,000000
0
0
0,000000
0
0
0,000000
0
0
0,000000
0
0
0,000000
0
0
0,000000
0
0
0,000000
0
0
0,000000
0
0
0,000000
0
0
0,000000
0
0
0,000000
0
0
0,000000
0
0
0,000000
0
0
0,000000
0
0
0,000000
0
0
0,000000
0
0
0,000000
0
0
0,000000
0
0
0,000000
0
0
0,000000
0
0
0,000000
0
0
0,000000
0
0
0,000000
0
0
0,000000
0
0
0,000000
0
0
0,000000
0
0
0,000000
0
0
0,000000
0
0
0,000000
0
0
0,000000
0
0
0,000000
0
0
0,000000
0
0
0,000000
0
0
0,000000
0
0
0,000000
0
0
0,000000
0
0
0,000000
0
0
0,000000
0
0
0,000000
0
0
0,000000
0
0
0,000000
0
0
0,000000
0
0
0,000000
0
0
0,000000
0
0
0,000000
0
0
0,000000
0
0
0,000000
0
0
0,000000
0
0
0,000000
0
0
0,000000
0
0
0,000000
0
0
0,000000
0
0
0,000000
0
0
0,000000
0
0
0,000000
0
0
0,000000
0
0
0,000000
0
0
0,000000
0
0
0,000000
0
0
0,000000
0
0
0,000000
0
0
0,000000
0
0
0,000000
0
0
0,000000
0
0
0,000000
0
0
0,000000
0
0
0,000000
0
0
0,000000
0
0
0,000000
0
0
0,000000
0
0
0,000000
0
0
0,000000
0
0
0,000000
0
0
0,000000
0
0
0,000000
0
0
0,000000
0
0
0,000000
0
0
0,000000
0
0
0,000000
0
0
0,000000
0
0
0,000000
0
0
0,000000
0
0
0,000000
0
0
0,000000
0
0
0,000000
0
0
0,000000
0
0
0,000000
0
0
0,000000
0
0
0,000000
0
0
0,000000
0
0
0,000000
0
0
0,000000
0
0
0,000000
0
0
0,000000
0
0
0,000000
0
0
0,000000
0
0
0,000000
0
0
0,000000
0
0
0,000000
0
0
0,000000
0
0
0,000000
0
0
0,000000
0
0
0,000000
0
0
0,000000
0
0
0,000000
0
0
0,000000
0
0
0,000000
0
0
0,000000
0
0
0,000000
0
0
0,000000
0
0
0,000000
0
0
0,000000
0
0
0,000000
0
0
0,000000
0
0
0,000000
0
0
0,000000
0
0
0,000000
0
0
0,000000
0
0
0,000000
0
0
0,000000
0
0
0,000000
0
0
0,000000
0
0
0,000000
0
0
0,000000
0
0
0,000000
0
0
0,000000
0
0
0,000000
0
0
0,000000
0
0
0,000000
0
0
0,000000
0
0
0,000000
0
0
0,000000
0
0
0,000000
0
0
0,000000
0
0
0,000000
0
0
0,000000
0
0
0,000000
0
0
0,000000
0
0
0,000000
0
0
0,000000
0
0
0,000000
0
0
0,000000
0
0
0,000000
0
0
0,000000
0
0
0,000000
0
0
0,000000
0
0
0,000000
0
0
0,000000
0
0
0,000000
0
0
0,000000
0
0
0,000000
0
0
0,000000
0
0
0,000000
0
0
0,000000
0
0
0,000000
0
0
0,000000
0
0
0,000000
0
0
0,000000
0
0
0,000000
0
0
0,000000
0
0
0,000000
0
0
0,000000
0
0
0,000000
0
0
0,000000
0
0
0,000000
0
0
0,000000
0
0
0,000000
0
0
0,000000
0
0
0,000000
0
0
0,000000
0
0
0,000000
0
0
0,000000
0
0
0,000000
0
0
0,000000
0
0
0,000000
0
0
0,000000
0
0
0,000000
0
0
0,000000
0
0
0,000000
0
0
0,000000
0
0
0,000000
